107 0.005922
1684 0.004488
1912 0.004278
3437 0.003100
0 0.001966
2543 0.001666
2347 0.001649
1888 0.001439
1800 0.001388
1663 0.001332
1352 0.001326
2266 0.001326
483 0.001309
348 0.001298
1730 0.001281
1985 0.001269
1941 0.001264
2233 0.001258
2142 0.001252
1431 0.001247
1199 0.001230
1584 0.001196
2206 0.001190
1768 0.001184
2229 0.001173
2611 0.001173
2410 0.001173
1086 0.001162
1589 0.001162
2047 0.001162
2218 0.001162
2078 0.001156
1993 0.001150
2123 0.001150
1746 0.001145
2464 0.001145
1827 0.001139
2560 0.001139
2240 0.001139
2507 0.001139
2244 0.001133
1983 0.001128
2309 0.001128
1126 0.001122
2602 0.001122
2131 0.001122
2088 0.001122
2340 0.001122
2324 0.001116
2369 0.001116
2590 0.001116
2542 0.001111
2604 0.001111
1804 0.001105
2607 0.001105
2073 0.001105
2220 0.001105
2188 0.001099
1390 0.001094
2172 0.001094
2059 0.001094
2150 0.001088
1943 0.001088
1833 0.001082
2526 0.001082
2428 0.001082
1946 0.001082
1377 0.001077
1612 0.001077
2601 0.001077
2331 0.001077
2201 0.001077
1917 0.001077
1621 0.001071
1938 0.001071
2090 0.001071
2384 0.001065
2624 0.001065
2564 0.001065
2118 0.001065
1714 0.001060
2030 0.001060
2586 0.001060
1962 0.001060
1559 0.001054
2184 0.001054
2064 0.001054
2625 0.001054
1707 0.001048
2615 0.001048
2275 0.001048
2593 0.001048
2111 0.001043
2103 0.001043
2290 0.001043
1078 0.001037
2414 0.001037
2323 0.001037
1613 0.001031
1835 0.001031
1376 0.001031
2600 0.001031
2339 0.001031
2104 0.001026
2500 0.001026
2271 0.001020
2326 0.001020
1610 0.001014
2395 0.001014
2376 0.001014
1399 0.001009
2409 0.001009
2492 0.001009
1984 0.001009
2139 0.001009
1622 0.001003
2468 0.001003
2093 0.001003
2354 0.001003
2381 0.000997
1971 0.000997
1979 0.000997
2045 0.000997
1391 0.000992
2199 0.000992
2278 0.000986
2043 0.000986
1211 0.000980
2037 0.000980
2630 0.000980
2033 0.000980
2200 0.000980
2553 0.000980
2081 0.000975
1966 0.000975
2356 0.000975
1551 0.000969
2007 0.000969
2140 0.000969
686 0.000963
1577 0.000963
2404 0.000963
1471 0.000958
2460 0.000958
2124 0.000958
2069 0.000952
2374 0.000952
2190 0.000952
2655 0.000952
2352 0.000952
925 0.000946
2363 0.000946
1367 0.000941
946 0.000941
2328 0.000941
2638 0.000941
1059 0.000935
1839 0.000935
2559 0.000935
2423 0.000935
2520 0.000935
2598 0.000929
2619 0.000929
2578 0.000929
2108 0.000929
2054 0.000924
2550 0.000918
2074 0.000918
2283 0.000912
1918 0.000912
2446 0.000912
2549 0.000912
1554 0.000907
2289 0.000907
2333 0.000907
2482 0.000907
2154 0.000907
2112 0.000907
414 0.000901
1516 0.000901
2133 0.000901
1184 0.000895
2551 0.000895
2121 0.000895
2370 0.000895
2020 0.000895
2253 0.000890
1813 0.000884
1736 0.000884
1185 0.000884
1522 0.000884
2087 0.000884
2308 0.000884
1718 0.000878
2561 0.000878
2005 0.000878
2257 0.000878
2299 0.000878
993 0.000873
2282 0.000873
2095 0.000873
2276 0.000873
2408 0.000867
1986 0.000867
1238 0.000861
1799 0.000861
2040 0.000861
2573 0.000861
1557 0.000856
2348 0.000856
1929 0.000856
2654 0.000856
2504 0.000856
1879 0.000850
2336 0.000850
1017 0.000844
1420 0.000839
1604 0.000839
2187 0.000839
1146 0.000833
916 0.000833
2032 0.000833
2433 0.000833
2083 0.000833
2359 0.000833
1331 0.000827
1662 0.000827
1945 0.000827
2430 0.000827
2122 0.000827
1603 0.000822
1793 0.000822
2495 0.000822
2546 0.000816
1222 0.000805
1076 0.000805
1132 0.000805
1006 0.000805
1447 0.000805
2117 0.000805
2292 0.000805
1107 0.000799
2068 0.000799
2084 0.000799
2063 0.000799
2575 0.000799
2521 0.000799
2307 0.000799
2511 0.000793
2212 0.000793
2539 0.000793
1717 0.000788
1153 0.000788
2153 0.000788
2334 0.000788
2386 0.000788
2510 0.000782
2138 0.000782
2839 0.000776
1250 0.000776
1669 0.000776
1361 0.000776
2485 0.000776
1598 0.000771
1329 0.000771
2086 0.000771
2115 0.000771
1256 0.000765
1488 0.000765
2555 0.000765
2646 0.000765
2469 0.000765
1997 0.000765
2109 0.000765
2509 0.000759
2183 0.000759
1926 0.000759
376 0.000754
136 0.000754
2216 0.000754
1456 0.000748
1175 0.000748
2102 0.000748
2471 0.000748
3363 0.000742
1791 0.000742
1816 0.000742
1757 0.000742
1509 0.000742
2556 0.000742
917 0.000737
1902 0.000737
1124 0.000737
2268 0.000737
2623 0.000737
2467 0.000737
2224 0.000731
2072 0.000731
2279 0.000731
2261 0.000731
1620 0.000725
980 0.000725
1335 0.000725
2149 0.000725
2165 0.000725
1823 0.000720
1665 0.000720
2629 0.000720
2642 0.000720
896 0.000714
1750 0.000714
1269 0.000714
2463 0.000714
2484 0.000714
2077 0.000714
1491 0.000708
1230 0.000708
2327 0.000708
2592 0.000708
1925 0.000708
1277 0.000703
1570 0.000703
1689 0.000703
1467 0.000703
1255 0.000703
2461 0.000703
2506 0.000703
2329 0.000703
2237 0.000703
1683 0.000697
1867 0.000697
1079 0.000697
1101 0.000697
1341 0.000697
1920 0.000697
2038 0.000697
2071 0.000697
2302 0.000697
2046 0.000697
1953 0.000697
2754 0.000691
3101 0.000691
475 0.000691
1330 0.000691
1117 0.000691
1547 0.000691
1668 0.000691
2649 0.000691
2247 0.000691
2294 0.000691
2319 0.000691
2300 0.000691
1783 0.000686
1761 0.000686
1868 0.000686
2125 0.000686
2491 0.000686
2344 0.000686
1004 0.000680
1267 0.000680
2174 0.000680
1947 0.000680
1959 0.000680
3291 0.000674
1849 0.000674
1842 0.000674
2241 0.000674
1675 0.000663
1600 0.000663
1125 0.000663
1608 0.000663
1520 0.000663
1617 0.000663
2176 0.000663
2098 0.000663
2418 0.000663
2742 0.000657
3082 0.000657
2223 0.000657
2567 0.000657
2631 0.000657
2579 0.000657
3397 0.000652
637 0.000652
428 0.000652
1721 0.000652
947 0.000652
1752 0.000652
966 0.000652
1173 0.000652
2053 0.000652
2056 0.000652
1214 0.000646
1619 0.000646
2180 0.000646
2617 0.000646
3426 0.000640
3320 0.000640
1809 0.000640
1172 0.000640
1291 0.000640
2189 0.000640
2306 0.000640
2477 0.000640
1243 0.000635
1597 0.000635
1370 0.000635
1563 0.000635
2127 0.000635
2039 0.000635
2552 0.000635
1416 0.000629
1191 0.000623
2196 0.000623
2351 0.000623
2563 0.000623
1104 0.000618
953 0.000618
1735 0.000618
2250 0.000618
2169 0.000618
2419 0.000618
2451 0.000618
2338 0.000618
2194 0.000618
3830 0.000612
3090 0.000612
1465 0.000612
1948 0.000612
2398 0.000612
2489 0.000612
2966 0.000606
3280 0.000606
3434 0.000606
484 0.000606
1204 0.000606
1235 0.000606
1864 0.000606
1302 0.000606
967 0.000606
2944 0.000601
1409 0.000601
1048 0.000601
1083 0.000601
921 0.000601
2028 0.000601
2052 0.000601
2060 0.000601
2532 0.000601
3232 0.000595
1886 0.000595
1530 0.000595
1712 0.000595
2372 0.000595
2597 0.000595
2512 0.000595
2877 0.000589
2863 0.000589
517 0.000589
978 0.000589
1741 0.000589
1305 0.000589
3116 0.000584
1789 0.000584
960 0.000584
2332 0.000584
2574 0.000584
2213 0.000584
2786 0.000578
2951 0.000578
353 0.000578
1459 0.000578
1810 0.000578
1205 0.000578
1826 0.000578
1149 0.000578
2143 0.000578
3051 0.000572
1898 0.000572
1845 0.000572
2582 0.000572
2986 0.000567
2719 0.000567
1339 0.000567
1623 0.000567
1163 0.000567
1643 0.000567
1334 0.000567
2203 0.000567
2643 0.000567
2616 0.000567
3078 0.000561
2793 0.000561
2661 0.000561
412 0.000561
1014 0.000561
1861 0.000561
1637 0.000561
1156 0.000561
2458 0.000561
2533 0.000561
2608 0.000561
2782 0.000555
526 0.000555
1128 0.000555
2508 0.000555
2210 0.000555
3387 0.000550
2669 0.000550
366 0.000550
1786 0.000550
1345 0.000550
1583 0.000550
1192 0.000550
2475 0.000550
3026 0.000544
2956 0.000544
363 0.000544
1271 0.000544
997 0.000544
1483 0.000544
2042 0.000544
2026 0.000544
1964 0.000544
2462 0.000544
2591 0.000544
2716 0.000538
2778 0.000538
1591 0.000538
1688 0.000538
1003 0.000538
1932 0.000538
2246 0.000538
2394 0.000538
2537 0.000538
373 0.000533
2498 0.000533
2436 0.000533
2132 0.000533
2377 0.000533
2594 0.000533
2179 0.000533
2679 0.000527
2694 0.000527
3330 0.000527
1480 0.000527
1242 0.000527
1685 0.000527
1940 0.000527
1954 0.000527
2478 0.000527
2499 0.000527
2554 0.000527
2960 0.000521
2906 0.000521
2927 0.000521
3201 0.000521
1609 0.000521
1288 0.000521
1955 0.000521
2128 0.000521
2392 0.000521
2164 0.000521
2915 0.000516
3000 0.000516
3154 0.000516
606 0.000516
563 0.000516
1344 0.000516
2588 0.000516
2273 0.000516
2434 0.000516
3035 0.000510
1472 0.000510
1322 0.000510
1605 0.000510
1449 0.000510
2254 0.000510
2148 0.000510
3417 0.000504
2755 0.000504
3150 0.000504
2730 0.000504
513 0.000504
1573 0.000504
1795 0.000504
1181 0.000504
2407 0.000504
2890 0.000499
3033 0.000499
3038 0.000499
1160 0.000499
1819 0.000499
1590 0.000499
2135 0.000499
2516 0.000499
2191 0.000499
3324 0.000493
2916 0.000493
538 0.000493
1290 0.000493
1989 0.000493
3596 0.000487
2928 0.000487
3198 0.000487
3252 0.000487
3076 0.000487
2151 0.000487
2429 0.000487
2353 0.000487
1963 0.000487
2750 0.000482
3152 0.000482
553 0.000482
566 0.000482
1380 0.000482
1024 0.000482
1289 0.000482
2134 0.000482
2002 0.000482
2313 0.000482
3348 0.000476
3351 0.000476
3132 0.000476
580 0.000476
1227 0.000476
1479 0.000476
1462 0.000476
1359 0.000476
1388 0.000476
952 0.000476
1272 0.000476
2010 0.000476
3545 0.000470
3938 0.000470
3104 0.000470
3054 0.000470
2664 0.000470
2757 0.000470
2777 0.000470
2676 0.000470
2738 0.000470
2910 0.000470
559 0.000470
497 0.000470
500 0.000470
1893 0.000470
1580 0.000470
1198 0.000470
2267 0.000470
2943 0.000465
2800 0.000465
2833 0.000465
3350 0.000465
1536 0.000465
1871 0.000465
1628 0.000465
1049 0.000465
934 0.000465
1659 0.000465
1753 0.000465
2161 0.000465
2849 0.000459
561 0.000459
1652 0.000459
2420 0.000459
2867 0.000453
3022 0.000453
3185 0.000453
1661 0.000453
1729 0.000453
1075 0.000453
1026 0.000453
1312 0.000453
828 0.000448
3226 0.000448
2925 0.000448
1742 0.000448
1032 0.000448
1899 0.000448
1737 0.000448
1539 0.000448
1632 0.000448
1029 0.000448
2589 0.000448
2368 0.000448
1916 0.000448
2343 0.000448
2325 0.000448
1939 0.000448
2683 0.000442
2866 0.000442
3056 0.000442
2828 0.000442
3060 0.000442
465 0.000442
1070 0.000442
906 0.000442
1639 0.000442
56 0.000442
2144 0.000442
2909 0.000436
2901 0.000436
395 0.000436
1358 0.000436
1636 0.000436
1596 0.000436
999 0.000436
1323 0.000436
2399 0.000436
2472 0.000436
3604 0.000431
3084 0.000431
3096 0.000431
2872 0.000431
3049 0.000431
3344 0.000431
3347 0.000431
3396 0.000431
1067 0.000431
1209 0.000431
1280 0.000431
67 0.000431
2062 0.000431
2501 0.000431
2058 0.000431
3362 0.000425
2827 0.000425
2864 0.000425
2913 0.000425
2748 0.000425
927 0.000425
2264 0.000425
2606 0.000425
3174 0.000419
2905 0.000419
2920 0.000419
3360 0.000419
1347 0.000419
1231 0.000419
1653 0.000419
1375 0.000419
1402 0.000419
2136 0.000419
2873 0.000414
3339 0.000414
2973 0.000414
400 0.000414
651 0.000414
1373 0.000414
1857 0.000414
271 0.000414
2315 0.000414
2055 0.000414
3195 0.000408
2904 0.000408
3267 0.000408
2992 0.000408
3172 0.000408
3002 0.000408
506 0.000408
1475 0.000408
1611 0.000408
1207 0.000408
1538 0.000408
322 0.000408
2653 0.000408
1970 0.000408
2391 0.000408
713 0.000402
2862 0.000402
2969 0.000402
3277 0.000402
3120 0.000402
3140 0.000402
370 0.000402
438 0.000402
431 0.000402
1221 0.000402
1298 0.000402
1470 0.000402
1796 0.000402
1891 0.000402
1614 0.000402
1123 0.000402
2101 0.000402
2232 0.000402
3284 0.000397
2919 0.000397
2674 0.000397
3017 0.000397
3406 0.000397
2869 0.000397
3019 0.000397
2724 0.000397
1844 0.000397
1703 0.000397
1502 0.000397
1528 0.000397
1110 0.000397
2445 0.000397
2417 0.000397
2235 0.000397
1972 0.000397
705 0.000391
3119 0.000391
2911 0.000391
2698 0.000391
3321 0.000391
2939 0.000391
3145 0.000391
525 0.000391
1515 0.000391
1644 0.000391
1540 0.000391
1523 0.000391
25 0.000391
2396 0.000391
698 0.000385
3342 0.000385
3113 0.000385
3182 0.000385
3179 0.000385
374 0.000385
1261 0.000385
1338 0.000385
1066 0.000385
1282 0.000385
982 0.000385
1135 0.000385
26 0.000385
2603 0.000385
2438 0.000385
2287 0.000385
3684 0.000380
2706 0.000380
2689 0.000380
3302 0.000380
544 0.000380
1574 0.000380
1820 0.000380
1495 0.000380
1630 0.000380
1040 0.000380
1351 0.000380
1028 0.000380
1782 0.000380
805 0.000374
1085 0.000374
3149 0.000374
2880 0.000374
3027 0.000374
3247 0.000374
3240 0.000374
2781 0.000374
460 0.000374
641 0.000374
1427 0.000374
1158 0.000374
1576 0.000374
1366 0.000374
995 0.000374
897 0.000374
1287 0.000374
1765 0.000374
1130 0.000374
1182 0.000374
2304 0.000374
2171 0.000374
3633 0.000368
3433 0.000368
2994 0.000368
3098 0.000368
3345 0.000368
3335 0.000368
492 0.000368
507 0.000368
942 0.000368
1148 0.000368
957 0.000368
1715 0.000368
1056 0.000368
1047 0.000368
277 0.000368
252 0.000368
21 0.000368
2116 0.000368
1973 0.000368
2364 0.000368
719 0.000363
2940 0.000363
3064 0.000363
524 0.000363
514 0.000363
1320 0.000363
1273 0.000363
1100 0.000363
1426 0.000363
1535 0.000363
1877 0.000363
1994 0.000363
1951 0.000363
567 0.000357
2988 0.000357
2763 0.000357
3108 0.000357
2729 0.000357
3117 0.000357
3274 0.000357
3256 0.000357
3214 0.000357
3419 0.000357
3297 0.000357
2937 0.000357
3233 0.000357
1052 0.000357
1894 0.000357
1487 0.000357
1811 0.000357
1340 0.000357
932 0.000357
1074 0.000357
122 0.000357
1995 0.000357
2536 0.000357
3073 0.000351
2853 0.000351
3239 0.000351
3070 0.000351
3106 0.000351
3353 0.000351
3332 0.000351
3411 0.000351
3136 0.000351
3366 0.000351
417 0.000351
378 0.000351
1709 0.000351
1457 0.000351
983 0.000351
119 0.000351
3838 0.000346
3756 0.000346
2666 0.000346
3184 0.000346
2912 0.000346
3115 0.000346
3146 0.000346
3169 0.000346
2991 0.000346
2894 0.000346
456 0.000346
391 0.000346
515 0.000346
1423 0.000346
1159 0.000346
1680 0.000346
1021 0.000346
1772 0.000346
2985 0.000340
3293 0.000340
3299 0.000340
2936 0.000340
3378 0.000340
2796 0.000340
436 0.000340
422 0.000340
1080 0.000340
1237 0.000340
1284 0.000340
1716 0.000340
1413 0.000340
1129 0.000340
1691 0.000340
1571 0.000340
2465 0.000340
2001 0.000340
3948 0.000334
3851 0.000334
2974 0.000334
2946 0.000334
2780 0.000334
1505 0.000334
3980 0.000334
1724 0.000334
239 0.000334
2280 0.000334
2243 0.000334
824 0.000329
3521 0.000329
2810 0.000329
2989 0.000329
3263 0.000329
542 0.000329
503 0.000329
1504 0.000329
1824 0.000329
1020 0.000329
1019 0.000329
1036 0.000329
1201 0.000329
2215 0.000329
2659 0.000329
745 0.000323
747 0.000323
3611 0.000323
2773 0.000323
2741 0.000323
2815 0.000323
3162 0.000323
423 0.000323
402 0.000323
419 0.000323
1469 0.000323
1275 0.000323
1166 0.000323
1009 0.000323
1082 0.000323
1525 0.000323
1794 0.000323
1754 0.000323
203 0.000323
9 0.000323
200 0.000323
2385 0.000323
1980 0.000323
823 0.000317
3495 0.000317
2993 0.000317
3142 0.000317
493 0.000317
1645 0.000317
1876 0.000317
1828 0.000317
1099 0.000317
1655 0.000317
1435 0.000317
1722 0.000317
1437 0.000317
315 0.000317
1923 0.000317
2640 0.000317
2538 0.000317
2284 0.000317
830 0.000312
3877 0.000312
3224 0.000312
3077 0.000312
432 0.000312
408 0.000312
954 0.000312
1292 0.000312
1257 0.000312
1432 0.000312
1542 0.000312
1285 0.000312
1336 0.000312
304 0.000312
2198 0.000312
2285 0.000312
1981 0.000312
2259 0.000312
2018 0.000312
2365 0.000312
2620 0.000312
1919 0.000312
1927 0.000312
694 0.000306
3025 0.000306
2945 0.000306
3220 0.000306
2717 0.000306
2897 0.000306
3261 0.000306
3381 0.000306
3355 0.000306
1396 0.000306
941 0.000306
975 0.000306
1862 0.000306
1473 0.000306
1054 0.000306
1219 0.000306
1112 0.000306
2547 0.000306
2293 0.000306
2211 0.000306
1998 0.000306
2645 0.000306
2126 0.000306
2931 0.000300
2749 0.000300
3065 0.000300
3004 0.000300
2680 0.000300
3416 0.000300
3391 0.000300
3385 0.000300
461 0.000300
1587 0.000300
1881 0.000300
1369 0.000300
1393 0.000300
2031 0.000300
2024 0.000300
781 0.000295
697 0.000295
3577 0.000295
3158 0.000295
3029 0.000295
3085 0.000295
3089 0.000295
2753 0.000295
2875 0.000295
3386 0.000295
3403 0.000295
3111 0.000295
930 0.000295
1454 0.000295
1448 0.000295
1513 0.000295
2345 0.000295
2006 0.000295
2657 0.000295
3456 0.000289
2743 0.000289
3040 0.000289
3188 0.000289
3206 0.000289
3107 0.000289
3087 0.000289
3253 0.000289
404 0.000289
1882 0.000289
1725 0.000289
1018 0.000289
1102 0.000289
1379 0.000289
1120 0.000289
1060 0.000289
1807 0.000289
2610 0.000289
2226 0.000289
2311 0.000289
3824 0.000283
3501 0.000283
3677 0.000283
3052 0.000283
3047 0.000283
2806 0.000283
2896 0.000283
3327 0.000283
3021 0.000283
2665 0.000283
520 0.000283
1616 0.000283
1692 0.000283
1751 0.000283
1647 0.000283
1872 0.000283
1404 0.000283
1405 0.000283
1092 0.000283
2367 0.000283
2378 0.000283
2004 0.000283
2022 0.000283
1935 0.000283
2387 0.000283
3793 0.000278
3584 0.000278
3804 0.000278
3800 0.000278
3734 0.000278
3137 0.000278
3435 0.000278
3384 0.000278
3364 0.000278
3102 0.000278
2787 0.000278
2720 0.000278
1482 0.000278
1122 0.000278
1720 0.000278
1841 0.000278
1549 0.000278
1068 0.000278
1734 0.000278
1723 0.000278
1195 0.000278
1327 0.000278
1863 0.000278
98 0.000278
2609 0.000278
2652 0.000278
2390 0.000278
2473 0.000278
2137 0.000278
2447 0.000278
1991 0.000278
2202 0.000278
2258 0.000278
3506 0.000272
2929 0.000272
3288 0.000272
2950 0.000272
3287 0.000272
3265 0.000272
3168 0.000272
556 0.000272
389 0.000272
1496 0.000272
1041 0.000272
1732 0.000272
1303 0.000272
1569 0.000272
1293 0.000272
188 0.000272
2330 0.000272
2003 0.000272
2075 0.000272
2518 0.000272
2647 0.000272
2648 0.000272
2159 0.000272
2061 0.000272
724 0.000266
3593 0.000266
3930 0.000266
3488 0.000266
3672 0.000266
3966 0.000266
3448 0.000266
3971 0.000266
2874 0.000266
2765 0.000266
3204 0.000266
3258 0.000266
444 0.000266
397 0.000266
1113 0.000266
1259 0.000266
1770 0.000266
1229 0.000266
981 0.000266
1217 0.000266
1485 0.000266
199 0.000266
285 0.000266
1914 0.000266
3968 0.000261
3114 0.000261
3072 0.000261
3365 0.000261
2758 0.000261
3295 0.000261
527 0.000261
591 0.000261
545 0.000261
596 0.000261
1859 0.000261
902 0.000261
1051 0.000261
1832 0.000261
1460 0.000261
959 0.000261
1389 0.000261
170 0.000261
2479 0.000261
2222 0.000261
2322 0.000261
2459 0.000261
2583 0.000261
2449 0.000261
827 0.000255
688 0.000255
3442 0.000255
3790 0.000255
3449 0.000255
2756 0.000255
2681 0.000255
3298 0.000255
2881 0.000255
3412 0.000255
1179 0.000255
1155 0.000255
924 0.000255
1180 0.000255
1702 0.000255
272 0.000255
2009 0.000255
2361 0.000255
2576 0.000255
853 0.000249
3906 0.000249
3758 0.000249
3586 0.000249
2835 0.000249
2785 0.000249
3272 0.000249
2970 0.000249
2712 0.000249
2955 0.000249
3118 0.000249
1565 0.000249
1812 0.000249
1279 0.000249
1315 0.000249
913 0.000249
1398 0.000249
40 0.000249
186 0.000249
2239 0.000249
2027 0.000249
834 0.000244
703 0.000244
3680 0.000244
3797 0.000244
3926 0.000244
1687 0.000244
3014 0.000244
3369 0.000244
3005 0.000244
3034 0.000244
360 0.000244
439 0.000244
523 0.000244
463 0.000244
504 0.000244
1545 0.000244
1236 0.000244
1108 0.000244
1309 0.000244
1215 0.000244
1572 0.000244
332 0.000244
280 0.000244
142 0.000244
2502 0.000244
2110 0.000244
2145 0.000244
1960 0.000244
2092 0.000244
3902 0.000238
3640 0.000238
3576 0.000238
3257 0.000238
2871 0.000238
2958 0.000238
3011 0.000238
452 0.000238
1374 0.000238
1349 0.000238
1332 0.000238
984 0.000238
1529 0.000238
1706 0.000238
1699 0.000238
1831 0.000238
1258 0.000238
1365 0.000238
1851 0.000238
2057 0.000238
2225 0.000238
695 0.000232
3924 0.000232
3514 0.000232
3842 0.000232
3238 0.000232
3097 0.000232
2770 0.000232
3296 0.000232
2914 0.000232
2976 0.000232
3177 0.000232
3207 0.000232
592 0.000232
1318 0.000232
1582 0.000232
1382 0.000232
1281 0.000232
988 0.000232
1873 0.000232
1524 0.000232
1909 0.000232
172 0.000232
2155 0.000232
2415 0.000232
2221 0.000232
2627 0.000232
2192 0.000232
2633 0.000232
2147 0.000232
784 0.000227
3731 0.000227
2887 0.000227
3301 0.000227
2924 0.000227
3422 0.000227
2921 0.000227
2932 0.000227
3196 0.000227
3191 0.000227
537 0.000227
531 0.000227
496 0.000227
1673 0.000227
1210 0.000227
1766 0.000227
1324 0.000227
1903 0.000227
1245 0.000227
968 0.000227
1774 0.000227
1843 0.000227
113 0.000227
2242 0.000227
1921 0.000227
2011 0.000227
2585 0.000227
815 0.000221
856 0.000221
3737 0.000221
3605 0.000221
3962 0.000221
2996 0.000221
3316 0.000221
3079 0.000221
2865 0.000221
3219 0.000221
392 0.000221
355 0.000221
579 0.000221
630 0.000221
1595 0.000221
1190 0.000221
1001 0.000221
1532 0.000221
1911 0.000221
323 0.000221
325 0.000221
213 0.000221
1976 0.000221
2157 0.000221
2494 0.000221
1931 0.000221
1957 0.000221
2488 0.000221
1942 0.000221
752 0.000215
820 0.000215
728 0.000215
3558 0.000215
3705 0.000215
3455 0.000215
3702 0.000215
3873 0.000215
3674 0.000215
3692 0.000215
3166 0.000215
3036 0.000215
2823 0.000215
2675 0.000215
3395 0.000215
2728 0.000215
388 0.000215
430 0.000215
555 0.000215
1787 0.000215
1837 0.000215
1733 0.000215
1548 0.000215
1189 0.000215
1109 0.000215
1778 0.000215
1790 0.000215
1114 0.000215
948 0.000215
1260 0.000215
1634 0.000215
1304 0.000215
898 0.000215
1682 0.000215
1550 0.000215
1429 0.000215
1846 0.000215
261 0.000215
169 0.000215
2660 0.000215
2636 0.000215
2297 0.000215
2097 0.000215
2129 0.000215
842 0.000210
800 0.000210
819 0.000210
774 0.000210
3829 0.000210
3629 0.000210
3860 0.000210
3625 0.000210
1360 0.000210
1553 0.000210
3399 0.000210
3046 0.000210
2672 0.000210
2662 0.000210
2718 0.000210
3086 0.000210
3020 0.000210
557 0.000210
479 0.000210
455 0.000210
1895 0.000210
1371 0.000210
1348 0.000210
1507 0.000210
936 0.000210
1740 0.000210
1744 0.000210
1037 0.000210
944 0.000210
1355 0.000210
1392 0.000210
1343 0.000210
1407 0.000210
1626 0.000210
109 0.000210
313 0.000210
236 0.000210
2416 0.000210
2318 0.000210
2639 0.000210
2107 0.000210
2049 0.000210
2236 0.000210
726 0.000204
773 0.000204
3528 0.000204
3525 0.000204
2854 0.000204
3303 0.000204
3213 0.000204
3228 0.000204
3331 0.000204
387 0.000204
394 0.000204
1337 0.000204
1216 0.000204
1097 0.000204
1767 0.000204
1666 0.000204
1677 0.000204
1446 0.000204
1848 0.000204
1010 0.000204
1170 0.000204
1578 0.000204
1015 0.000204
1115 0.000204
1897 0.000204
1278 0.000204
1517 0.000204
118 0.000204
291 0.000204
2529 0.000204
1987 0.000204
2209 0.000204
2379 0.000204
2425 0.000204
2366 0.000204
2406 0.000204
2658 0.000204
2346 0.000204
1975 0.000204
2231 0.000204
2371 0.000204
2317 0.000204
2476 0.000204
766 0.000198
3951 0.000198
3810 0.000198
3794 0.000198
3568 0.000198
3529 0.000198
1555 0.000198
3400 0.000198
3135 0.000198
3129 0.000198
3023 0.000198
3304 0.000198
2751 0.000198
3212 0.000198
3346 0.000198
3001 0.000198
604 0.000198
570 0.000198
1533 0.000198
1118 0.000198
1226 0.000198
1514 0.000198
1878 0.000198
1624 0.000198
915 0.000198
1686 0.000198
1649 0.000198
1246 0.000198
989 0.000198
2519 0.000198
2274 0.000198
2525 0.000198
2637 0.000198
1968 0.000198
2337 0.000198
2397 0.000198
829 0.000193
780 0.000193
3900 0.000193
3945 0.000193
3884 0.000193
3540 0.000193
1656 0.000193
2953 0.000193
3250 0.000193
2668 0.000193
2772 0.000193
3187 0.000193
2708 0.000193
3100 0.000193
420 0.000193
669 0.000193
368 0.000193
409 0.000193
482 0.000193
1452 0.000193
1798 0.000193
901 0.000193
903 0.000193
1313 0.000193
1512 0.000193
1694 0.000193
1425 0.000193
1408 0.000193
1638 0.000193
971 0.000193
1438 0.000193
1635 0.000193
1183 0.000193
82 0.000193
342 0.000193
2029 0.000193
2296 0.000193
1999 0.000193
2626 0.000193
1958 0.000193
2440 0.000193
2335 0.000193
2091 0.000193
3617 0.000187
3599 0.000187
3553 0.000187
3722 0.000187
3542 0.000187
3518 0.000187
3687 0.000187
3841 0.000187
1136 0.000187
1567 0.000187
2745 0.000187
3123 0.000187
3234 0.000187
2977 0.000187
2850 0.000187
2783 0.000187
2840 0.000187
683 0.000187
487 0.000187
398 0.000187
1534 0.000187
434 0.000187
654 0.000187
1333 0.000187
963 0.000187
1541 0.000187
1543 0.000187
1142 0.000187
1508 0.000187
1350 0.000187
1519 0.000187
1458 0.000187
2000 0.000187
2448 0.000187
2067 0.000187
810 0.000181
3833 0.000181
3826 0.000181
3947 0.000181
3782 0.000181
3869 0.000181
3858 0.000181
3475 0.000181
3651 0.000181
1593 0.000181
1806 0.000181
908 0.000181
2907 0.000181
3010 0.000181
2715 0.000181
3313 0.000181
3255 0.000181
3062 0.000181
473 0.000181
614 0.000181
548 0.000181
367 0.000181
547 0.000181
573 0.000181
1601 0.000181
1378 0.000181
1880 0.000181
1283 0.000181
1763 0.000181
1011 0.000181
1131 0.000181
1188 0.000181
1671 0.000181
1316 0.000181
969 0.000181
1728 0.000181
1884 0.000181
1727 0.000181
1012 0.000181
1444 0.000181
104 0.000181
2228 0.000181
2411 0.000181
2393 0.000181
696 0.000176
3918 0.000176
3464 0.000176
3557 0.000176
1307 0.000176
1866 0.000176
3394 0.000176
2841 0.000176
2836 0.000176
2690 0.000176
3377 0.000176
3264 0.000176
3341 0.000176
3259 0.000176
3203 0.000176
2713 0.000176
2711 0.000176
2739 0.000176
3248 0.000176
471 0.000176
1468 0.000176
992 0.000176
1300 0.000176
1606 0.000176
1357 0.000176
1299 0.000176
1406 0.000176
1451 0.000176
1910 0.000176
1265 0.000176
53 0.000176
13 0.000176
2163 0.000176
2557 0.000176
2540 0.000176
2412 0.000176
2021 0.000176
2613 0.000176
718 0.000170
760 0.000170
754 0.000170
849 0.000170
3822 0.000170
3486 0.000170
3921 0.000170
3738 0.000170
3526 0.000170
3721 0.000170
1511 0.000170
2832 0.000170
3148 0.000170
3160 0.000170
3124 0.000170
3018 0.000170
2999 0.000170
560 0.000170
511 0.000170
546 0.000170
609 0.000170
1415 0.000170
1904 0.000170
1695 0.000170
1225 0.000170
1785 0.000170
1081 0.000170
1907 0.000170
1436 0.000170
1818 0.000170
922 0.000170
329 0.000170
211 0.000170
2355 0.000170
2544 0.000170
2571 0.000170
2085 0.000170
2025 0.000170
2035 0.000170
2173 0.000170
787 0.000164
739 0.000164
708 0.000164
3711 0.000164
3468 0.000164
3764 0.000164
3693 0.000164
3750 0.000164
3886 0.000164
1825 0.000164
2731 0.000164
2673 0.000164
3275 0.000164
3016 0.000164
2843 0.000164
2844 0.000164
3415 0.000164
2892 0.000164
990 0.000164
645 0.000164
1232 0.000164
512 0.000164
1137 0.000164
1568 0.000164
938 0.000164
919 0.000164
1428 0.000164
1025 0.000164
1850 0.000164
1500 0.000164
1497 0.000164
1858 0.000164
1116 0.000164
1944 0.000164
2272 0.000164
2530 0.000164
2234 0.000164
2303 0.000164
764 0.000159
687 0.000159
3460 0.000159
3728 0.000159
3469 0.000159
3730 0.000159
3828 0.000159
3231 0.000159
3080 0.000159
2761 0.000159
3237 0.000159
3260 0.000159
3225 0.000159
2784 0.000159
2684 0.000159
2768 0.000159
2829 0.000159
488 0.000159
653 0.000159
1642 0.000159
1167 0.000159
1875 0.000159
1503 0.000159
1044 0.000159
1453 0.000159
1885 0.000159
1440 0.000159
128 0.000159
141 0.000159
224 0.000159
334 0.000159
2389 0.000159
2432 0.000159
2612 0.000159
2342 0.000159
2628 0.000159
2350 0.000159
847 0.000153
770 0.000153
840 0.000153
3718 0.000153
3740 0.000153
3825 0.000153
3590 0.000153
3559 0.000153
3635 0.000153
3609 0.000153
1705 0.000153
2987 0.000153
3193 0.000153
3243 0.000153
2908 0.000153
2705 0.000153
3041 0.000153
2846 0.000153
2797 0.000153
3176 0.000153
3285 0.000153
2775 0.000153
2813 0.000153
1758 0.000153
445 0.000153
396 0.000153
481 0.000153
680 0.000153
1319 0.000153
1679 0.000153
1106 0.000153
1667 0.000153
962 0.000153
1310 0.000153
1381 0.000153
994 0.000153
1064 0.000153
1039 0.000153
1164 0.000153
1821 0.000153
346 0.000153
265 0.000153
223 0.000153
339 0.000153
2480 0.000153
2214 0.000153
2435 0.000153
2644 0.000153
2156 0.000153
727 0.000147
731 0.000147
797 0.000147
814 0.000147
3569 0.000147
3714 0.000147
3870 0.000147
3690 0.000147
3821 0.000147
3466 0.000147
3907 0.000147
3867 0.000147
3835 0.000147
3713 0.000147
3710 0.000147
3440 0.000147
1494 0.000147
1847 0.000147
1165 0.000147
2663 0.000147
2701 0.000147
2734 0.000147
2845 0.000147
3221 0.000147
3273 0.000147
3319 0.000147
415 0.000147
458 0.000147
510 0.000147
354 0.000147
359 0.000147
619 0.000147
678 0.000147
369 0.000147
1493 0.000147
1314 0.000147
1072 0.000147
977 0.000147
1306 0.000147
964 0.000147
1464 0.000147
1743 0.000147
1781 0.000147
1738 0.000147
1035 0.000147
1212 0.000147
1900 0.000147
1196 0.000147
312 0.000147
324 0.000147
62 0.000147
185 0.000147
2566 0.000147
2065 0.000147
2474 0.000147
2341 0.000147
738 0.000142
3969 0.000142
3706 0.000142
3636 0.000142
3753 0.000142
3505 0.000142
3471 0.000142
3831 0.000142
3480 0.000142
3943 0.000142
1803 0.000142
1274 0.000142
2978 0.000142
3390 0.000142
3215 0.000142
3279 0.000142
2812 0.000142
3170 0.000142
3081 0.000142
3211 0.000142
3379 0.000142
3178 0.000142
2764 0.000142
451 0.000142
421 0.000142
519 0.000142
644 0.000142
617 0.000142
1561 0.000142
636 0.000142
583 0.000142
601 0.000142
1648 0.000142
1681 0.000142
1625 0.000142
1672 0.000142
1296 0.000142
933 0.000142
1704 0.000142
1592 0.000142
1764 0.000142
1674 0.000142
1321 0.000142
1556 0.000142
1769 0.000142
1836 0.000142
297 0.000142
158 0.000142
232 0.000142
161 0.000142
2362 0.000142
2023 0.000142
2497 0.000142
2427 0.000142
2044 0.000142
817 0.000136
862 0.000136
3643 0.000136
3956 0.000136
3463 0.000136
3508 0.000136
3927 0.000136
3891 0.000136
3497 0.000136
3707 0.000136
3578 0.000136
3438 0.000136
1421 0.000136
1615 0.000136
3013 0.000136
3209 0.000136
2702 0.000136
2795 0.000136
2984 0.000136
3337 0.000136
2733 0.000136
2686 0.000136
3262 0.000136
2819 0.000136
3007 0.000136
489 0.000136
618 0.000136
615 0.000136
662 0.000136
578 0.000136
658 0.000136
643 0.000136
600 0.000136
627 0.000136
659 0.000136
661 0.000136
958 0.000136
1121 0.000136
976 0.000136
1419 0.000136
1311 0.000136
1815 0.000136
1139 0.000136
1095 0.000136
1660 0.000136
1247 0.000136
1171 0.000136
1618 0.000136
249 0.000136
41 0.000136
242 0.000136
72 0.000136
308 0.000136
2141 0.000136
2581 0.000136
2286 0.000136
2146 0.000136
2160 0.000136
1988 0.000136
2383 0.000136
734 0.000130
845 0.000130
792 0.000130
3768 0.000130
3719 0.000130
3534 0.000130
3628 0.000130
3527 0.000130
3642 0.000130
3491 0.000130
3667 0.000130
1588 0.000130
1098 0.000130
1433 0.000130
2981 0.000130
3163 0.000130
3294 0.000130
3286 0.000130
3075 0.000130
3431 0.000130
3223 0.000130
3186 0.000130
3420 0.000130
1450 0.000130
495 0.000130
418 0.000130
352 0.000130
494 0.000130
361 0.000130
599 0.000130
640 0.000130
670 0.000130
675 0.000130
681 0.000130
949 0.000130
1870 0.000130
1801 0.000130
1773 0.000130
1633 0.000130
1286 0.000130
1228 0.000130
80 0.000130
238 0.000130
31 0.000130
2295 0.000130
2310 0.000130
2531 0.000130
1928 0.000130
2050 0.000130
2618 0.000130
2089 0.000130
2120 0.000130
2443 0.000130
838 0.000125
3509 0.000125
3909 0.000125
3836 0.000125
3933 0.000125
3931 0.000125
3634 0.000125
3443 0.000125
3747 0.000125
3915 0.000125
3511 0.000125
3670 0.000125
3573 0.000125
3852 0.000125
3656 0.000125
2851 0.000125
2807 0.000125
2967 0.000125
2891 0.000125
2759 0.000125
3039 0.000125
3032 0.000125
3199 0.000125
3306 0.000125
2803 0.000125
2870 0.000125
2830 0.000125
450 0.000125
536 0.000125
539 0.000125
597 0.000125
677 0.000125
469 0.000125
635 0.000125
650 0.000125
632 0.000125
577 0.000125
1629 0.000125
1747 0.000125
1400 0.000125
1906 0.000125
1526 0.000125
1294 0.000125
1223 0.000125
1412 0.000125
1489 0.000125
1062 0.000125
1531 0.000125
1779 0.000125
1484 0.000125
1063 0.000125
1805 0.000125
1852 0.000125
171 0.000125
94 0.000125
204 0.000125
48 0.000125
2496 0.000125
2197 0.000125
1936 0.000125
2208 0.000125
2558 0.000125
2207 0.000125
701 0.000119
848 0.000119
3896 0.000119
3786 0.000119
3648 0.000119
3499 0.000119
3791 0.000119
3601 0.000119
3761 0.000119
3803 0.000119
3554 0.000119
3697 0.000119
1410 0.000119
1144 0.000119
1317 0.000119
3139 0.000119
3430 0.000119
2948 0.000119
2687 0.000119
2868 0.000119
2762 0.000119
3380 0.000119
3236 0.000119
1726 0.000119
2848 0.000119
2737 0.000119
416 0.000119
543 0.000119
625 0.000119
589 0.000119
582 0.000119
350 0.000119
1363 0.000119
1127 0.000119
1650 0.000119
1418 0.000119
972 0.000119
1069 0.000119
1439 0.000119
926 0.000119
115 0.000119
92 0.000119
320 0.000119
231 0.000119
248 0.000119
303 0.000119
2096 0.000119
2036 0.000119
2570 0.000119
2401 0.000119
2622 0.000119
2288 0.000119
711 0.000113
793 0.000113
758 0.000113
835 0.000113
807 0.000113
803 0.000113
3458 0.000113
3500 0.000113
3538 0.000113
3510 0.000113
3615 0.000113
3555 0.000113
3850 0.000113
3462 0.000113
3845 0.000113
3618 0.000113
1328 0.000113
1187 0.000113
3042 0.000113
3318 0.000113
2949 0.000113
2667 0.000113
3421 0.000113
3276 0.000113
2859 0.000113
2825 0.000113
2934 0.000113
2918 0.000113
3356 0.000113
3103 0.000113
2938 0.000113
951 0.000113
565 0.000113
558 0.000113
403 0.000113
474 0.000113
620 0.000113
684 0.000113
516 0.000113
457 0.000113
1213 0.000113
1585 0.000113
1308 0.000113
1241 0.000113
1356 0.000113
1575 0.000113
1566 0.000113
1091 0.000113
1771 0.000113
1780 0.000113
299 0.000113
180 0.000113
302 0.000113
88 0.000113
331 0.000113
148 0.000113
7 0.000113
2635 0.000113
1965 0.000113
2260 0.000113
1990 0.000113
2577 0.000113
2405 0.000113
755 0.000108
748 0.000108
3493 0.000108
3591 0.000108
3623 0.000108
3759 0.000108
3866 0.000108
3743 0.000108
3725 0.000108
3535 0.000108
3776 0.000108
3608 0.000108
3862 0.000108
3752 0.000108
3612 0.000108
3779 0.000108
3627 0.000108
3485 0.000108
3785 0.000108
3496 0.000108
3550 0.000108
1719 0.000108
1698 0.000108
1537 0.000108
2789 0.000108
2809 0.000108
2794 0.000108
2670 0.000108
3325 0.000108
2889 0.000108
3329 0.000108
3009 0.000108
3138 0.000108
3393 0.000108
3307 0.000108
3189 0.000108
3171 0.000108
2696 0.000108
3241 0.000108
2779 0.000108
2735 0.000108
2962 0.000108
3289 0.000108
3278 0.000108
362 0.000108
462 0.000108
425 0.000108
647 0.000108
616 0.000108
595 0.000108
518 0.000108
991 0.000108
1424 0.000108
1169 0.000108
1745 0.000108
4030 0.000108
1658 0.000108
1161 0.000108
326 0.000108
194 0.000108
101 0.000108
59 0.000108
134 0.000108
1913 0.000108
2400 0.000108
2249 0.000108
2641 0.000108
2572 0.000108
2314 0.000108
1982 0.000108
2587 0.000108
2019 0.000108
795 0.000102
809 0.000102
783 0.000102
777 0.000102
706 0.000102
720 0.000102
779 0.000102
772 0.000102
3903 0.000102
3774 0.000102
3881 0.000102
3868 0.000102
3957 0.000102
3645 0.000102
3972 0.000102
3474 0.000102
3498 0.000102
3698 0.000102
3450 0.000102
3913 0.000102
3741 0.000102
1174 0.000102
1325 0.000102
3300 0.000102
3414 0.000102
2917 0.000102
3309 0.000102
2703 0.000102
3109 0.000102
2856 0.000102
2831 0.000102
2964 0.000102
3359 0.000102
3328 0.000102
3404 0.000102
2979 0.000102
1678 0.000102
2693 0.000102
3173 0.000102
676 0.000102
426 0.000102
446 0.000102
666 0.000102
603 0.000102
605 0.000102
665 0.000102
357 0.000102
554 0.000102
1141 0.000102
973 0.000102
4023 0.000102
1646 0.000102
1501 0.000102
1883 0.000102
343 0.000102
266 0.000102
184 0.000102
133 0.000102
257 0.000102
276 0.000102
123 0.000102
212 0.000102
2186 0.000102
2016 0.000102
2534 0.000102
2082 0.000102
2248 0.000102
2152 0.000102
2170 0.000102
2486 0.000102
2349 0.000102
2650 0.000102
2426 0.000102
741 0.000096
709 0.000096
3646 0.000096
3757 0.000096
3519 0.000096
3571 0.000096
3837 0.000096
3960 0.000096
3587 0.000096
3473 0.000096
3478 0.000096
3564 0.000096
3602 0.000096
3662 0.000096
3517 0.000096
3762 0.000096
3760 0.000096
3563 0.000096
3683 0.000096
1033 0.000096
3392 0.000096
2726 0.000096
2959 0.000096
3382 0.000096
2972 0.000096
2983 0.000096
3383 0.000096
3194 0.000096
2858 0.000096
3110 0.000096
3312 0.000096
3167 0.000096
2965 0.000096
3043 0.000096
3373 0.000096
2947 0.000096
3057 0.000096
1784 0.000096
413 0.000096
372 0.000096
623 0.000096
375 0.000096
664 0.000096
685 0.000096
424 0.000096
551 0.000096
1186 0.000096
940 0.000096
905 0.000096
1481 0.000096
1478 0.000096
1152 0.000096
939 0.000096
1860 0.000096
1700 0.000096
214 0.000096
175 0.000096
116 0.000096
23 0.000096
254 0.000096
1 0.000096
30 0.000096
3 0.000096
55 0.000096
2185 0.000096
2413 0.000096
2298 0.000096
2605 0.000096
1952 0.000096
2291 0.000096
2048 0.000096
2523 0.000096
2403 0.000096
2614 0.000096
2181 0.000096
2076 0.000096
818 0.000091
778 0.000091
737 0.000091
804 0.000091
3620 0.000091
3465 0.000091
3579 0.000091
3524 0.000091
3920 0.000091
3809 0.000091
3967 0.000091
3735 0.000091
3802 0.000091
3546 0.000091
3470 0.000091
3898 0.000091
3658 0.000091
3452 0.000091
3950 0.000091
3780 0.000091
3861 0.000091
1676 0.000091
3283 0.000091
3314 0.000091
3008 0.000091
2879 0.000091
3423 0.000091
3326 0.000091
3374 0.000091
3093 0.000091
3192 0.000091
3050 0.000091
3144 0.000091
3409 0.000091
2818 0.000091
2697 0.000091
3069 0.000091
2682 0.000091
3068 0.000091
2923 0.000091
3340 0.000091
3410 0.000091
634 0.000091
470 0.000091
508 0.000091
611 0.000091
598 0.000091
486 0.000091
1756 0.000091
1397 0.000091
1564 0.000091
965 0.000091
1000 0.000091
1830 0.000091
1007 0.000091
914 0.000091
1829 0.000091
1441 0.000091
1594 0.000091
19 0.000091
137 0.000091
24 0.000091
187 0.000091
330 0.000091
197 0.000091
284 0.000091
127 0.000091
130 0.000091
281 0.000091
132 0.000091
345 0.000091
103 0.000091
2312 0.000091
2305 0.000091
2099 0.000091
2277 0.000091
2656 0.000091
2503 0.000091
2455 0.000091
2320 0.000091
2444 0.000091
2454 0.000091
839 0.000085
806 0.000085
822 0.000085
771 0.000085
833 0.000085
831 0.000085
730 0.000085
769 0.000085
3792 0.000085
3976 0.000085
3476 0.000085
3708 0.000085
3975 0.000085
3701 0.000085
3855 0.000085
3696 0.000085
3655 0.000085
3912 0.000085
3739 0.000085
3917 0.000085
3459 0.000085
3532 0.000085
3964 0.000085
3815 0.000085
3472 0.000085
3685 0.000085
3490 0.000085
3726 0.000085
3549 0.000085
3562 0.000085
3883 0.000085
3649 0.000085
3695 0.000085
3613 0.000085
3479 0.000085
3610 0.000085
3574 0.000085
3484 0.000085
3703 0.000085
3533 0.000085
3889 0.000085
3929 0.000085
970 0.000085
2888 0.000085
3095 0.000085
2982 0.000085
2746 0.000085
3402 0.000085
3058 0.000085
3357 0.000085
3157 0.000085
3242 0.000085
3208 0.000085
2700 0.000085
3048 0.000085
2820 0.000085
2995 0.000085
3371 0.000085
3205 0.000085
2707 0.000085
2883 0.000085
3222 0.000085
2677 0.000085
569 0.000085
521 0.000085
410 0.000085
633 0.000085
612 0.000085
407 0.000085
584 0.000085
509 0.000085
1177 0.000085
1889 0.000085
1869 0.000085
1249 0.000085
1042 0.000085
931 0.000085
1234 0.000085
1385 0.000085
1544 0.000085
1434 0.000085
1710 0.000085
1084 0.000085
1197 0.000085
1817 0.000085
1077 0.000085
227 0.000085
20 0.000085
14 0.000085
144 0.000085
57 0.000085
39 0.000085
258 0.000085
66 0.000085
2270 0.000085
2012 0.000085
2114 0.000085
2162 0.000085
1978 0.000085
2402 0.000085
2119 0.000085
1922 0.000085
2490 0.000085
2513 0.000085
1992 0.000085
2584 0.000085
714 0.000079
732 0.000079
768 0.000079
736 0.000079
722 0.000079
794 0.000079
693 0.000079
844 0.000079
765 0.000079
763 0.000079
3675 0.000079
3818 0.000079
3874 0.000079
3595 0.000079
3567 0.000079
3937 0.000079
3823 0.000079
3715 0.000079
3663 0.000079
3799 0.000079
3773 0.000079
3624 0.000079
3481 0.000079
3516 0.000079
3523 0.000079
3872 0.000079
3561 0.000079
3454 0.000079
1088 0.000079
1518 0.000079
1641 0.000079
3229 0.000079
2837 0.000079
3315 0.000079
2997 0.000079
3066 0.000079
2933 0.000079
2771 0.000079
2876 0.000079
3151 0.000079
3249 0.000079
3024 0.000079
2957 0.000079
3246 0.000079
3061 0.000079
3244 0.000079
3343 0.000079
3210 0.000079
590 0.000079
2822 0.000079
3361 0.000079
3245 0.000079
440 0.000079
626 0.000079
588 0.000079
576 0.000079
1138 0.000079
1005 0.000079
1089 0.000079
1739 0.000079
3998 0.000079
3982 0.000079
1808 0.000079
1901 0.000079
1422 0.000079
1143 0.000079
1055 0.000079
1150 0.000079
111 0.000079
149 0.000079
226 0.000079
251 0.000079
159 0.000079
176 0.000079
105 0.000079
274 0.000079
290 0.000079
75 0.000079
85 0.000079
246 0.000079
2599 0.000079
2205 0.000079
2522 0.000079
2453 0.000079
2193 0.000079
2562 0.000079
2262 0.000079
789 0.000074
712 0.000074
762 0.000074
782 0.000074
843 0.000074
837 0.000074
753 0.000074
729 0.000074
889 0.000074
3783 0.000074
3892 0.000074
3657 0.000074
3819 0.000074
3483 0.000074
3630 0.000074
3895 0.000074
3644 0.000074
3769 0.000074
3679 0.000074
3778 0.000074
3482 0.000074
3847 0.000074
3503 0.000074
3512 0.000074
3944 0.000074
3547 0.000074
3592 0.000074
3556 0.000074
1178 0.000074
900 0.000074
3130 0.000074
2710 0.000074
2821 0.000074
2766 0.000074
2699 0.000074
3352 0.000074
2954 0.000074
2744 0.000074
3067 0.000074
2727 0.000074
3156 0.000074
2990 0.000074
3405 0.000074
2747 0.000074
646 0.000074
2968 0.000074
961 0.000074
490 0.000074
528 0.000074
622 0.000074
682 0.000074
505 0.000074
1748 0.000074
1090 0.000074
1749 0.000074
1266 0.000074
1492 0.000074
907 0.000074
920 0.000074
1874 0.000074
99 0.000074
310 0.000074
17 0.000074
28 0.000074
196 0.000074
108 0.000074
178 0.000074
84 0.000074
314 0.000074
29 0.000074
5 0.000074
87 0.000074
1930 0.000074
2357 0.000074
2070 0.000074
2238 0.000074
2217 0.000074
2515 0.000074
2524 0.000074
742 0.000068
836 0.000068
799 0.000068
751 0.000068
723 0.000068
716 0.000068
857 0.000068
3541 0.000068
3622 0.000068
3763 0.000068
3784 0.000068
3616 0.000068
3949 0.000068
3840 0.000068
3581 0.000068
3594 0.000068
3919 0.000068
3639 0.000068
3979 0.000068
3832 0.000068
3654 0.000068
3788 0.000068
3736 0.000068
3817 0.000068
1251 0.000068
3105 0.000068
2769 0.000068
3028 0.000068
3155 0.000068
2791 0.000068
2935 0.000068
3349 0.000068
2723 0.000068
3190 0.000068
3281 0.000068
3112 0.000068
2709 0.000068
3254 0.000068
3292 0.000068
2685 0.000068
2847 0.000068
1045 0.000068
535 0.000068
442 0.000068
382 0.000068
568 0.000068
575 0.000068
628 0.000068
477 0.000068
1384 0.000068
381 0.000068
1802 0.000068
1892 0.000068
1499 0.000068
1602 0.000068
1853 0.000068
1244 0.000068
943 0.000068
4014 0.000068
1043 0.000068
909 0.000068
1822 0.000068
1696 0.000068
1364 0.000068
1527 0.000068
1401 0.000068
1013 0.000068
198 0.000068
58 0.000068
173 0.000068
143 0.000068
79 0.000068
121 0.000068
341 0.000068
45 0.000068
65 0.000068
156 0.000068
1950 0.000068
1934 0.000068
2373 0.000068
2360 0.000068
2450 0.000068
826 0.000062
863 0.000062
876 0.000062
3621 0.000062
3857 0.000062
3668 0.000062
3638 0.000062
3598 0.000062
3863 0.000062
3446 0.000062
3536 0.000062
3515 0.000062
3940 0.000062
3796 0.000062
3200 0.000062
2861 0.000062
3141 0.000062
3153 0.000062
3092 0.000062
2695 0.000062
2852 0.000062
3202 0.000062
3311 0.000062
2961 0.000062
3012 0.000062
3063 0.000062
3367 0.000062
2816 0.000062
3358 0.000062
2878 0.000062
2900 0.000062
2760 0.000062
2688 0.000062
2941 0.000062
1218 0.000062
1050 0.000062
502 0.000062
491 0.000062
522 0.000062
405 0.000062
574 0.000062
631 0.000062
639 0.000062
380 0.000062
629 0.000062
986 0.000062
1134 0.000062
4031 0.000062
974 0.000062
1887 0.000062
3994 0.000062
3997 0.000062
4021 0.000062
1094 0.000062
1268 0.000062
1670 0.000062
1030 0.000062
1905 0.000062
1599 0.000062
150 0.000062
177 0.000062
140 0.000062
36 0.000062
318 0.000062
50 0.000062
222 0.000062
268 0.000062
298 0.000062
165 0.000062
168 0.000062
22 0.000062
2177 0.000062
2568 0.000062
2265 0.000062
2130 0.000062
2424 0.000062
2105 0.000062
1915 0.000062
1933 0.000062
2535 0.000062
2466 0.000062
707 0.000057
850 0.000057
813 0.000057
715 0.000057
756 0.000057
759 0.000057
861 0.000057
878 0.000057
3631 0.000057
3878 0.000057
3641 0.000057
3766 0.000057
3614 0.000057
3664 0.000057
3777 0.000057
3767 0.000057
3720 0.000057
3583 0.000057
3770 0.000057
3539 0.000057
3659 0.000057
3543 0.000057
3934 0.000057
3681 0.000057
3520 0.000057
3888 0.000057
3880 0.000057
3487 0.000057
1061 0.000057
1708 0.000057
950 0.000057
1073 0.000057
1908 0.000057
3053 0.000057
3388 0.000057
2926 0.000057
3425 0.000057
3128 0.000057
2886 0.000057
3083 0.000057
3099 0.000057
3088 0.000057
3015 0.000057
2801 0.000057
2942 0.000057
2802 0.000057
2882 0.000057
3133 0.000057
3164 0.000057
3418 0.000057
2826 0.000057
587 0.000057
429 0.000057
541 0.000057
449 0.000057
433 0.000057
437 0.000057
532 0.000057
435 0.000057
459 0.000057
956 0.000057
979 0.000057
1840 0.000057
4004 0.000057
4009 0.000057
955 0.000057
1368 0.000057
1788 0.000057
1562 0.000057
1342 0.000057
1814 0.000057
1463 0.000057
1411 0.000057
278 0.000057
225 0.000057
4 0.000057
181 0.000057
275 0.000057
2 0.000057
309 0.000057
135 0.000057
73 0.000057
69 0.000057
10 0.000057
295 0.000057
146 0.000057
2252 0.000057
2452 0.000057
2014 0.000057
2316 0.000057
2158 0.000057
2113 0.000057
2439 0.000057
2301 0.000057
2255 0.000057
816 0.000051
746 0.000051
786 0.000051
808 0.000051
821 0.000051
690 0.000051
811 0.000051
888 0.000051
776 0.000051
885 0.000051
3958 0.000051
3671 0.000051
3507 0.000051
3439 0.000051
3666 0.000051
3894 0.000051
3580 0.000051
3876 0.000051
3531 0.000051
3682 0.000051
3603 0.000051
3522 0.000051
3775 0.000051
3492 0.000051
3566 0.000051
3551 0.000051
928 0.000051
1193 0.000051
1445 0.000051
1023 0.000051
1140 0.000051
3251 0.000051
3218 0.000051
3354 0.000051
3122 0.000051
3269 0.000051
2834 0.000051
3427 0.000051
3338 0.000051
3368 0.000051
2804 0.000051
2895 0.000051
3308 0.000051
2790 0.000051
3334 0.000051
2678 0.000051
529 0.000051
466 0.000051
663 0.000051
1403 0.000051
1016 0.000051
1477 0.000051
1490 0.000051
1631 0.000051
1896 0.000051
4038 0.000051
912 0.000051
1154 0.000051
3995 0.000051
4017 0.000051
4000 0.000051
4026 0.000051
3986 0.000051
1093 0.000051
1443 0.000051
1111 0.000051
998 0.000051
1220 0.000051
1202 0.000051
1387 0.000051
1239 0.000051
427 0.000051
564 0.000051
364 0.000051
100 0.000051
230 0.000051
68 0.000051
337 0.000051
195 0.000051
306 0.000051
78 0.000051
218 0.000051
328 0.000051
273 0.000051
139 0.000051
16 0.000051
96 0.000051
344 0.000051
38 0.000051
2066 0.000051
2514 0.000051
1977 0.000051
2013 0.000051
2080 0.000051
2166 0.000051
2251 0.000051
2051 0.000051
2281 0.000051
2487 0.000051
2545 0.000051
702 0.000045
689 0.000045
725 0.000045
767 0.000045
733 0.000045
740 0.000045
812 0.000045
710 0.000045
761 0.000045
880 0.000045
882 0.000045
886 0.000045
867 0.000045
3626 0.000045
3572 0.000045
3973 0.000045
3871 0.000045
3843 0.000045
3901 0.000045
3754 0.000045
3647 0.000045
3607 0.000045
3789 0.000045
3932 0.000045
3914 0.000045
3827 0.000045
3585 0.000045
3905 0.000045
3814 0.000045
3502 0.000045
3461 0.000045
3772 0.000045
3548 0.000045
3712 0.000045
3755 0.000045
3504 0.000045
3530 0.000045
3723 0.000045
1203 0.000045
923 0.000045
2732 0.000045
2930 0.000045
3180 0.000045
3131 0.000045
3181 0.000045
2799 0.000045
3428 0.000045
3045 0.000045
3030 0.000045
2805 0.000045
3376 0.000045
3401 0.000045
3322 0.000045
3126 0.000045
3197 0.000045
2898 0.000045
2893 0.000045
3235 0.000045
3398 0.000045
3266 0.000045
1461 0.000045
2725 0.000045
2903 0.000045
1008 0.000045
385 0.000045
540 0.000045
478 0.000045
672 0.000045
534 0.000045
1506 0.000045
594 0.000045
1103 0.000045
1640 0.000045
1414 0.000045
4020 0.000045
3981 0.000045
4019 0.000045
1248 0.000045
1162 0.000045
1053 0.000045
1731 0.000045
1775 0.000045
1865 0.000045
1697 0.000045
501 0.000045
399 0.000045
441 0.000045
217 0.000045
91 0.000045
259 0.000045
8 0.000045
319 0.000045
89 0.000045
243 0.000045
93 0.000045
333 0.000045
162 0.000045
54 0.000045
106 0.000045
260 0.000045
221 0.000045
60 0.000045
2182 0.000045
2175 0.000045
1949 0.000045
2456 0.000045
2041 0.000045
2548 0.000045
2034 0.000045
2421 0.000045
1956 0.000045
791 0.000040
796 0.000040
700 0.000040
798 0.000040
869 0.000040
890 0.000040
874 0.000040
872 0.000040
870 0.000040
881 0.000040
871 0.000040
3899 0.000040
3834 0.000040
3445 0.000040
3652 0.000040
3923 0.000040
3716 0.000040
3771 0.000040
3812 0.000040
3941 0.000040
3916 0.000040
3669 0.000040
3864 0.000040
3813 0.000040
3911 0.000040
3700 0.000040
3908 0.000040
3600 0.000040
3904 0.000040
3552 0.000040
3961 0.000040
1701 0.000040
3372 0.000040
2902 0.000040
3317 0.000040
3333 0.000040
3436 0.000040
3216 0.000040
3336 0.000040
3424 0.000040
3389 0.000040
3094 0.000040
3323 0.000040
2811 0.000040
1087 0.000040
3159 0.000040
3165 0.000040
2752 0.000040
1240 0.000040
586 0.000040
657 0.000040
621 0.000040
480 0.000040
679 0.000040
1654 0.000040
985 0.000040
937 0.000040
4027 0.000040
4002 0.000040
4018 0.000040
3988 0.000040
1552 0.000040
1372 0.000040
935 0.000040
1058 0.000040
549 0.000040
393 0.000040
64 0.000040
189 0.000040
131 0.000040
167 0.000040
263 0.000040
296 0.000040
300 0.000040
151 0.000040
126 0.000040
51 0.000040
83 0.000040
237 0.000040
208 0.000040
317 0.000040
311 0.000040
338 0.000040
129 0.000040
347 0.000040
1974 0.000040
2651 0.000040
2256 0.000040
2008 0.000040
2017 0.000040
1961 0.000040
2321 0.000040
2227 0.000040
2632 0.000040
2263 0.000040
2528 0.000040
2245 0.000040
2094 0.000040
691 0.000034
846 0.000034
825 0.000034
887 0.000034
873 0.000034
879 0.000034
895 0.000034
3632 0.000034
3749 0.000034
3665 0.000034
3751 0.000034
3848 0.000034
3513 0.000034
3977 0.000034
3893 0.000034
3724 0.000034
3963 0.000034
3806 0.000034
3447 0.000034
3441 0.000034
3727 0.000034
3936 0.000034
3745 0.000034
3660 0.000034
3661 0.000034
3859 0.000034
3457 0.000034
3477 0.000034
3970 0.000034
1838 0.000034
1301 0.000034
2774 0.000034
3055 0.000034
3127 0.000034
3074 0.000034
2776 0.000034
2899 0.000034
2884 0.000034
3044 0.000034
2767 0.000034
3175 0.000034
3270 0.000034
3217 0.000034
2721 0.000034
3091 0.000034
2671 0.000034
2824 0.000034
3370 0.000034
3432 0.000034
3161 0.000034
533 0.000034
365 0.000034
390 0.000034
498 0.000034
987 0.000034
1254 0.000034
655 0.000034
1855 0.000034
1498 0.000034
1664 0.000034
1168 0.000034
3989 0.000034
1759 0.000034
4013 0.000034
1792 0.000034
3985 0.000034
3993 0.000034
1263 0.000034
1890 0.000034
1133 0.000034
1151 0.000034
1521 0.000034
476 0.000034
1297 0.000034
163 0.000034
269 0.000034
219 0.000034
147 0.000034
95 0.000034
6 0.000034
32 0.000034
102 0.000034
86 0.000034
44 0.000034
229 0.000034
77 0.000034
117 0.000034
63 0.000034
340 0.000034
2493 0.000034
2517 0.000034
2358 0.000034
2580 0.000034
2388 0.000034
2100 0.000034
2375 0.000034
2621 0.000034
1924 0.000034
802 0.000028
704 0.000028
721 0.000028
735 0.000028
864 0.000028
866 0.000028
858 0.000028
3887 0.000028
3890 0.000028
3694 0.000028
3678 0.000028
3787 0.000028
3676 0.000028
3489 0.000028
3844 0.000028
3606 0.000028
3839 0.000028
3637 0.000028
3544 0.000028
3805 0.000028
3795 0.000028
3849 0.000028
3444 0.000028
3742 0.000028
3925 0.000028
1579 0.000028
472 0.000028
610 0.000028
929 0.000028
2817 0.000028
3147 0.000028
3271 0.000028
3059 0.000028
3227 0.000028
3429 0.000028
3305 0.000028
2736 0.000028
2980 0.000028
2692 0.000028
3310 0.000028
1038 0.000028
371 0.000028
671 0.000028
593 0.000028
562 0.000028
349 0.000028
453 0.000028
485 0.000028
1346 0.000028
1455 0.000028
1354 0.000028
1057 0.000028
1264 0.000028
4003 0.000028
1295 0.000028
1776 0.000028
910 0.000028
1657 0.000028
1607 0.000028
1147 0.000028
1476 0.000028
1417 0.000028
1777 0.000028
1711 0.000028
1442 0.000028
1797 0.000028
1157 0.000028
649 0.000028
351 0.000028
464 0.000028
1486 0.000028
3290 0.000028
34 0.000028
192 0.000028
110 0.000028
264 0.000028
193 0.000028
27 0.000028
245 0.000028
46 0.000028
152 0.000028
283 0.000028
250 0.000028
235 0.000028
2219 0.000028
2230 0.000028
2505 0.000028
2422 0.000028
2634 0.000028
2015 0.000028
2431 0.000028
2437 0.000028
2167 0.000028
788 0.000023
757 0.000023
790 0.000023
832 0.000023
851 0.000023
717 0.000023
852 0.000023
855 0.000023
893 0.000023
884 0.000023
877 0.000023
894 0.000023
865 0.000023
868 0.000023
3965 0.000023
3910 0.000023
3882 0.000023
3946 0.000023
3781 0.000023
3494 0.000023
3537 0.000023
3653 0.000023
3952 0.000023
3588 0.000023
3939 0.000023
3865 0.000023
3765 0.000023
3978 0.000023
3953 0.000023
3897 0.000023
3686 0.000023
3619 0.000023
3565 0.000023
3954 0.000023
3673 0.000023
1031 0.000023
3143 0.000023
2963 0.000023
3121 0.000023
2855 0.000023
1713 0.000023
2971 0.000023
673 0.000023
652 0.000023
996 0.000023
406 0.000023
530 0.000023
1856 0.000023
572 0.000023
467 0.000023
4011 0.000023
1510 0.000023
1762 0.000023
1474 0.000023
945 0.000023
3996 0.000023
4037 0.000023
4007 0.000023
4016 0.000023
3990 0.000023
3999 0.000023
4025 0.000023
1194 0.000023
1105 0.000023
1002 0.000023
1200 0.000023
1022 0.000023
552 0.000023
384 0.000023
1651 0.000023
1383 0.000023
2885 0.000023
3003 0.000023
2838 0.000023
166 0.000023
202 0.000023
49 0.000023
201 0.000023
327 0.000023
174 0.000023
262 0.000023
220 0.000023
289 0.000023
307 0.000023
124 0.000023
190 0.000023
270 0.000023
206 0.000023
288 0.000023
125 0.000023
120 0.000023
1969 0.000023
1996 0.000023
2565 0.000023
2441 0.000023
1937 0.000023
2204 0.000023
2106 0.000023
2527 0.000023
743 0.000017
854 0.000017
785 0.000017
3689 0.000017
3955 0.000017
3816 0.000017
3699 0.000017
3582 0.000017
3801 0.000017
3811 0.000017
3597 0.000017
3691 0.000017
3744 0.000017
3717 0.000017
3560 0.000017
3467 0.000017
3928 0.000017
3575 0.000017
3733 0.000017
2691 0.000017
3037 0.000017
2792 0.000017
3413 0.000017
2798 0.000017
2952 0.000017
2975 0.000017
2922 0.000017
2808 0.000017
2998 0.000017
2722 0.000017
2860 0.000017
2714 0.000017
3375 0.000017
356 0.000017
411 0.000017
448 0.000017
383 0.000017
571 0.000017
660 0.000017
499 0.000017
656 0.000017
386 0.000017
1693 0.000017
1353 0.000017
667 0.000017
1034 0.000017
1760 0.000017
1546 0.000017
1362 0.000017
1252 0.000017
3991 0.000017
4005 0.000017
4033 0.000017
3992 0.000017
1586 0.000017
1046 0.000017
1208 0.000017
1627 0.000017
1027 0.000017
1253 0.000017
1071 0.000017
899 0.000017
454 0.000017
904 0.000017
81 0.000017
179 0.000017
182 0.000017
97 0.000017
253 0.000017
112 0.000017
293 0.000017
61 0.000017
155 0.000017
157 0.000017
71 0.000017
321 0.000017
301 0.000017
240 0.000017
191 0.000017
76 0.000017
228 0.000017
336 0.000017
294 0.000017
164 0.000017
207 0.000017
247 0.000017
2380 0.000017
2178 0.000017
2168 0.000017
2481 0.000017
2483 0.000017
2595 0.000017
2442 0.000017
699 0.000011
841 0.000011
775 0.000011
749 0.000011
750 0.000011
744 0.000011
859 0.000011
860 0.000011
3854 0.000011
3879 0.000011
3875 0.000011
3807 0.000011
3885 0.000011
3922 0.000011
3746 0.000011
3846 0.000011
3732 0.000011
3959 0.000011
3704 0.000011
3808 0.000011
3589 0.000011
3942 0.000011
3688 0.000011
3407 0.000011
3268 0.000011
2788 0.000011
2857 0.000011
3134 0.000011
3006 0.000011
3408 0.000011
3282 0.000011
3125 0.000011
648 0.000011
1394 0.000011
377 0.000011
581 0.000011
642 0.000011
379 0.000011
443 0.000011
468 0.000011
401 0.000011
1233 0.000011
1690 0.000011
1065 0.000011
4032 0.000011
4006 0.000011
1430 0.000011
4029 0.000011
4012 0.000011
3987 0.000011
4001 0.000011
4034 0.000011
4028 0.000011
4036 0.000011
3983 0.000011
1755 0.000011
1176 0.000011
1558 0.000011
1270 0.000011
1854 0.000011
1326 0.000011
1276 0.000011
1262 0.000011
1395 0.000011
1224 0.000011
2740 0.000011
2704 0.000011
2814 0.000011
1967 0.000011
286 0.000011
256 0.000011
42 0.000011
244 0.000011
282 0.000011
233 0.000011
33 0.000011
90 0.000011
145 0.000011
255 0.000011
241 0.000011
52 0.000011
205 0.000011
154 0.000011
70 0.000011
138 0.000011
216 0.000011
35 0.000011
47 0.000011
279 0.000011
305 0.000011
267 0.000011
160 0.000011
183 0.000011
153 0.000011
316 0.000011
234 0.000011
2541 0.000011
2382 0.000011
692 0.000006
801 0.000006
875 0.000006
891 0.000006
892 0.000006
883 0.000006
3820 0.000006
3650 0.000006
3974 0.000006
3935 0.000006
3451 0.000006
3570 0.000006
3453 0.000006
3709 0.000006
3729 0.000006
3856 0.000006
3798 0.000006
3853 0.000006
3748 0.000006
3183 0.000006
3230 0.000006
3071 0.000006
3031 0.000006
2842 0.000006
585 0.000006
674 0.000006
668 0.000006
638 0.000006
624 0.000006
613 0.000006
608 0.000006
602 0.000006
607 0.000006
358 0.000006
447 0.000006
550 0.000006
4035 0.000006
4024 0.000006
4022 0.000006
4015 0.000006
4010 0.000006
4008 0.000006
3984 0.000006
918 0.000006
1119 0.000006
1834 0.000006
911 0.000006
1581 0.000006
1096 0.000006
1466 0.000006
1206 0.000006
1560 0.000006
1386 0.000006
1145 0.000006
11 0.000006
12 0.000006
114 0.000006
210 0.000006
287 0.000006
74 0.000006
43 0.000006
15 0.000006
335 0.000006
18 0.000006
215 0.000006
37 0.000006
209 0.000006
292 0.000006
2596 0.000006
2569 0.000006
2079 0.000006
2195 0.000006
2269 0.000006
2470 0.000006
2457 0.000006
